4.000000000000000000e+01 -2.000000000000000000e+01 1.614654179934389333e+01
4.000000000000000000e+01 -1.500000000000000000e+01 2.026668379051335478e+01
4.000000000000000000e+01 -1.000000000000000000e+01 2.511105188874378413e+01
4.000000000000000000e+01 -5.000000000000000000e+00 3.091535995164483808e+01
4.000000000000000000e+01 0.000000000000000000e+00 3.791532183682627277e+01
5.000000000000000000e+01 -2.000000000000000000e+01 1.522483246187406891e+01
5.000000000000000000e+01 -1.500000000000000000e+01 1.940105075083316422e+01
5.000000000000000000e+01 -1.000000000000000000e+01 2.425831749176048291e+01
5.000000000000000000e+01 -5.000000000000000000e+00 3.003234654226575628e+01
5.000000000000000000e+01 0.000000000000000000e+00 3.695885175995865524e+01
6.000000000000000000e+01 -2.000000000000000000e+01 1.406137761695672772e+01
6.000000000000000000e+01 -1.500000000000000000e+01 1.809233698219503594e+01
6.000000000000000000e+01 -1.000000000000000000e+01 2.276116714430881416e+01
6.000000000000000000e+01 -5.000000000000000000e+00 2.830358196090784517e+01
6.000000000000000000e+01 0.000000000000000000e+00 3.495529528960182120e+01
